44.14166
48.02898
49.55642
44.14077
42.09511
44.48443
46.96487
41.56338
44.78053
49.17928
39.83522
48.8821
42.14736
44.09622
43.77572
36.72747
45.28483
46.05721
44.32627
45.22585
44.44832
41.31411
46.11277
47.47483
43.85086
46.67643
42.40546
41.31632
38.57588
45.53687
42.00545
43.72949
48.18701
45.12031
48.87765
42.2709
49.53748
43.85236
47.97032
44.42399
45.05803
45.53602
47.0711
42.5493
43.08903
44.25223
37.10979
48.11164
42.65842
46.01624
43.61069
44.71205
43.77849
48.4487
41.8073
41.99566
42.63123
42.29274
48.95931
46.25502
51.65092
42.85181
47.89677
46.13052
49.84857
44.7399
44.65593
47.61123
48.29022
46.10781
43.57299
50.8485
44.61804
48.75738
41.79414
44.68566
46.40262
43.6455
40.91427
44.8647
41.59206
41.0673
47.58855
51.05847
42.87318
40.04715
42.73389
50.49987
45.71805
40.55661
45.34242
43.47408
43.1922
43.54428
43.42134
47.38575
48.09174
44.1633
40.31094
46.938
45.29526
51.16473
46.94694
45.25647
43.14747
41.7438
43.55376
45.4647
42.87978
42.60366
48.72858
43.20567
45.27297
43.41948
45.11538
46.16853
44.29734
46.36917
50.94831
43.68198
48.4608
43.71048
39.95859
45.56076
46.69557
43.35288
47.19372
43.33509
48.29159
46.39131
41.06807
46.92931
43.48597
39.8065
45.06915
44.37807
48.63322
40.74916
41.88867
44.18135
47.99788
44.91515
43.27468
42.01663
43.36209
45.72191
40.66413
46.26251
43.26615
44.89288
45.4456
44.29071
46.95452
47.17426
42.31629
40.6337
44.19355
41.23594
47.84631
46.25537
42.4626
47.35399
41.51252
45.87487
39.79906
46.19009
41.97494
38.62653
44.80741
42.2124
46.10785
41.94738
44.10754
51.31472
40.57587
44.40179
41.78965
50.10463
49.00823
48.43033
45.27542
52.87537
49.08844
43.44762
42.57212
48.46243
44.43855
43.4446
47.77026
44.4359
43.99397
43.75103
50.38864
45.467
41.98987
50.17551
46.86179
42.96768
47.07512
43.41112
45.96186
42.14163
42.88915
46.95105
47.17418
47.49923
46.87437
41.08629
45.40973
46.57347
51.53383
42.57076
41.26001
47.95257
48.90549
45.97194
48.93112
43.86276
38.42688
45.20906
36.74259
44.16175
45.24156
40.30483
43.11632
41.40308
40.15916
47.41957
44.07189
44.39692
47.46341
45.17664
45.03866
45.04293
39.0543
49.53458
39.85659
45.14746
41.86879
51.35037
44.7183
46.60892
41.74187
42.20023
44.94062
41.01988
48.32564
41.92906
43.51442
46.45621
45.34652
46.63551
51.04022
41.41789
46.24281
40.18138
46.94711
46.22551
44.89987
48.52132
45.4964
44.87413
48.1961
41.86507
39.11896
42.61776
40.86115
42.29716
42.72716
43.92255
45.17864
46.70908
41.43354
44.81295
42.1958
47.88973
41.18805
44.80486
42.81245
47.27136
46.7529
47.92681
45.18654
41.83157
46.00192
47.3919
46.13933
46.33524
42.99685
45.20812
46.52056
45.19486
44.80731
43.72877
49.19959
45.92397
46.26434
42.55396
39.37427
38.50033
41.13968
44.98735
47.17641
43.96722
44.74692
46.16216
45.99191
40.90754
43.51735
43.85353
50.36305
45.62802
46.18878
42.70231
51.23834
45.89715
48.9925
49.68443
48.83052
49.88807
48.38952
48.6259
40.67638
41.71624
45.46083
44.79196
44.15755
47.04218
47.19049
46.19786
46.61004
42.12366
46.36041
45.6716
37.61493
41.98109
52.09443
42.18769
36.0594
43.86302
44.11821
46.39125
42.63912
44.55939
40.60617
44.9964
50.35654
50.58064
47.95396
43.07026
46.3073
41.80986
42.51889
43.52577
44.60608
47.6649
46.88861
44.38166
41.20263
39.28663
48.18905
42.71215
44.78742
44.37992
44.64605
44.55459
42.8899
44.76443
49.5067
43.22318
41.58935
47.34572
48.12282
41.19856
42.3421
46.36047
46.68606
47.76645
44.02819
40.65553
47.15907
46.86458
49.58751
42.04555
42.72809
36.03916
41.71031
46.18687
48.44921
49.32546
47.65211
44.8723
46.41375
41.88051
41.98198
47.92463
45.43182
42.98608
41.94019
45.0154
47.21949
51.94707
45.70271
43.56033
43.7653
45.04997
39.68004
42.58533
42.31748
42.30451
45.37998
40.49505
43.43007
40.08779
44.47528
42.70808
51.06953
36.91855
43.34652
43.57859
44.59797
47.30576
41.40173
42.32441
41.02501
43.28353
46.66758
44.01733
39.26098
43.91574
42.23453
52.37068
45.19881
46.36984
44.29737
49.24293
48.31243
45.58153
48.2413
43.41764
49.64937
43.06808
49.01996
45.67282
45.83627
49.4064
44.89803
50.40038
42.70391
49.43017
50.19092
45.28962
40.37584
45.6562
46.8073
41.69792
45.71401
39.95186
42.17115
44.20934
47.41302
42.76854
45.90696
45.2275
42.62124
45.34684
46.2095
45.95994
51.80462
40.81314
48.12246
48.75985
43.30172
42.76562
43.96778
50.71096
49.28661
49.0978
41.83912
43.6504
46.09907
48.72554
47.90258
48.62063
43.57279
45.04901
46.94474
45.61438
40.87382
42.12249
39.69921
48.00884
42.7497
49.81743
45.50873
41.37374
40.84655
45.17426
43.41909
43.10799
47.00494
47.5865
46.26526
38.71871
43.33602
47.07888
42.89189
44.69101
39.30759
45.65544
46.23969
45.89363
47.53491
47.58468
50.06909
45.55864
48.57549
41.07814
44.77789
42.64198
46.08726
50.40918
43.50714
50.36093
44.76293
46.00014
40.63282
48.09173
46.58645
47.17515
39.75195
46.87716
44.12026
43.22187
48.11115
44.9772
41.31939
41.12673
47.12029
45.9898
45.1977
47.33663
47.53858
47.76288
47.60554
43.96455
46.73434
45.3772
47.14336
46.40471
44.79707
43.85722
41.28967
43.8824
47.46193
45.3919
44.89958
42.81651
45.42402
45.0103
41.32238
42.72055
46.61148
49.92215
50.2397
42.33658
45.0881
47.04014
46.58833
45.27748
49.0472
46.86537
41.65384
43.41032
40.85444
47.19246
44.81601
47.53764
46.3561
48.50219
46.33363
46.78125
42.94016
43.9063
38.58809
39.10427
41.78346
48.87868
41.3713
42.95523
41.78624
45.09431
50.5375
46.58807
44.55154
47.51285
45.04303
47.85282
42.62363
45.96492
42.55743
43.79667
45.21639
45.84133
47.16866
43.41297
38.06007
45.24681
44.1796
42.59187
45.98024
43.74583
46.01031
47.7252
44.63806
45.86389
43.06118
47.48071
47.15384
45.78714
45.34433
42.83874
45.05601
43.71275
44.51943
44.16043
44.85756
45.76515
47.42085
46.35535
43.68332
42.66651
45.0296
45.66085
42.44037
46.18399
40.32502
42.43914
45.54624
41.2799
46.27067
49.27842
42.25278
50.16633
44.57818
51.37215
43.44886
49.97872
47.04667
43.8929
48.45186
40.66765
43.04854
47.45827
46.76879
46.34764
49.2057
40.01038
46.4727
41.01179
43.46282
47.83003
47.40978
53.58859
41.3854
40.35506
41.54294
41.49391
42.28759
40.88152
48.10284
44.54247
45.24905
47.05963
45.02804
48.23923
45.93288
48.22322
49.42064
45.60445
45.66406
48.26841
42.22285
42.96052
41.9298
44.18157
46.37981
46.09526
41.09497
43.84682
42.41294
42.40921
41.25511
44.63012
50.87109
50.37156
41.42975
46.86996
44.6166
41.40428
45.53127
42.4558
43.17145
43.40995
46.38032
49.94788
46.56342
46.76032
45.93448
43.78662
42.88176
45.13002
48.96773
44.56017
45.55911
38.42191
47.57979
46.26124
45.71827
47.52564
47.59958
43.56978
43.21165
45.15986
43.41732
45.19867
45.77263
47.19021
40.42001
47.51285
44.69006
44.42738
47.58834
46.77146
43.69216
45.32545
39.27236
47.68876
45.97704
46.13501
44.07418
44.43962
46.79001
45.19507
41.00445
42.20544
47.87682
45.58141
40.76922
39.71275
42.09995
51.80631
49.63904
40.52869
43.58164
42.37915
41.74916
41.98755
44.10512
45.71428
43.41562
39.01451
44.62374
46.66823
43.87451
42.7734
47.29173
42.86491
46.41352
46.22961
43.28113
48.46456
44.06604
49.22711
47.73512
44.15635
44.12689
42.97164
43.89299
43.63756
49.48564
47.64368
43.59545
49.63067
46.97981
49.71815
44.91682
40.43852
42.23176
44.79552
46.04221
39.42036
50.45176
42.20013
41.8148
42.917
42.40201
48.56554
39.04614
40.89646
41.54753
50.50425
38.87692
42.07854
45.14573
46.60828
42.16197
45.03822
43.22682
45.43212
46.38968
45.92501
49.69298
42.33144
41.91257
51.00281
50.13348
44.72582
42.10029
42.11608
44.69696
42.25761
50.02566
47.56936
42.01419
41.04444
44.00126
47.85062
46.27279
47.45688
46.48086
47.72979
41.4242
46.96344
43.82861
43.45351
42.89951
45.15969
44.16234
46.29969
45.97964
42.91487
44.16499
43.40029
45.16129
44.02418
44.57249
45.00225
39.21105
38.08279
41.21664
41.30802
48.50066
44.23431
40.98945
44.49697
42.14637
42.02389
45.54015
44.68828
44.75634
42.17132
50.53925
43.63288
47.28113
39.02528
43.39614
43.32125
41.51106
43.55057
50.31009
45.64778
42.50626
42.77453
47.98387
47.91616
40.88186
44.89862
41.3929
42.86819
44.31829
44.40299
45.4475
44.82619
42.20197
44.31408
46.17528
47.23274
41.61218
39.59331
44.87197
41.86721
39.31638
44.21231
46.60437
47.41754
46.56968
52.87108
45.10394
45.04911
43.55441
43.32562
43.47763
41.79582
45.54007
42.9123
46.8961
47.3971
39.33403
46.14432
43.41709
49.84887
38.22127
43.78914
46.95121
42.89047
45.01716
44.12894
50.04675
43.49109
49.04017
46.08435
40.78794
45.03411
45.34024
44.67429
46.28963
48.93938
41.99119
39.32399
42.89422
43.12783
47.17887
43.66085
44.11003
37.6166
45.58433
48.46768
50.13193
47.05236
44.44131
46.91514
43.68292
44.80571
39.30352
45.97367
49.85633
44.66753
49.87043
50.20885
45.09804
42.03655
42.38296
45.20089
45.96511
46.53027
42.12791
45.08945
41.26823
42.95581
43.89311
48.73002
47.40504
43.94899
43.26819
41.13367
46.09301
41.67406
46.38893
44.20749
43.8316
44.47226
44.21057
45.46754
41.29588
45.71778
45.63923
51.45411
43.74561
46.4435
37.01017
44.92884
38.54925
47.28984
46.74353
41.05777
44.24152
45.72404
43.08791
42.75768
46.29929
43.06891
43.74295
45.13733
42.88673
46.96264
42.54317
42.82915
48.12144
40.83468
43.16779
42.63315
44.01546
44.72069
41.5841
43.91239
41.69169
47.12681
47.17725
44.51529
39.27609
43.74669
46.2735
38.11803
44.43583
45.65784
46.61745
42.03439
44.41788
40.11693
42.51675
45.68216
46.4394
41.33933
47.72716
44.45828
38.59934
42.23737
49.82398
45.56262
44.30208
43.35027
45.14164
42.46368
53.47145
50.1644
45.05283
45.19722
45.28606
47.01605
43.87751
49.34919
51.13488
46.02487
45.13156
46.57968
49.9672
42.09252
43.83078
46.76686
47.20166
46.07284
44.78338
40.8398
48.78702
45.56258
43.50466
46.58988
39.42632
42.96968
43.88418
46.81224
41.03386
39.92382
43.72769
40.5107
41.40208
41.66275
45.17709
44.91744
42.10855
46.26894
43.58897
44.59287
40.61116
45.7933
44.97167
47.1585
46.1707
46.99718
41.97209
43.97003
48.55763
49.63583
44.5677
43.18343
46.156
45.73297
48.68881
44.89115
43.23044
44.86053
46.9058
43.50138
40.98684
46.45034
44.97359
40.24465
39.68953
42.54221
49.20039
45.5699
41.55659
46.39715
50.89747
40.53877
38.67722
42.4034
45.22085
43.3823
43.17785
49.15566
46.10247
41.36671
46.40933
47.84499
44.36293
45.9597
46.88159
43.44811
47.36729
38.81665
43.75429
49.13516
44.3249
43.89027
38.56786
48.79746
47.35355
46.27082
39.25438
48.5348
45.30973
46.9341
39.14486
47.09099
49.03794
49.09945
39.83468
44.23588
44.006
46.52342
39.19657
45.72083
42.00003
47.39596
43.18241
48.13347
45.14193
46.75712
43.78518
41.93575
44.44419
50.87689
41.73977
45.47958
42.34265
45.0648
46.31367
37.84087
46.80438
40.93862
44.67083
46.29586
42.48802
43.70799
46.21495
39.1056
52.15332
45.76836
47.71588
41.75306
48.81114
45.93212
42.86403
45.38791
43.29918
44.49955
46.82115
43.54379
46.50221
42.79148
40.26092
43.87244
42.69793
42.85571
45.96013
45.34028
37.66837
47.72183
50.05429
39.59264
40.23451
43.66143
47.62973
49.34164
49.28461
40.504
46.98126
48.13887
42.41875
46.22725
45.14954
41.23873
41.54665
44.79441
42.74971
40.98438
43.94413
44.5794
46.97934
44.30898
47.90616
44.70651
39.51761
45.56273
47.55547
42.49605
46.06989
49.41877
47.00579
47.05286
49.52711
41.91137
42.26358
46.20712
42.39924
42.92392
42.78526
44.10335
42.30906
52.27856
44.55833
44.16534
41.06403
46.68095
44.39563
49.38316
44.34744
47.71358
51.99541
48.48047
43.13603
47.79523
45.93401
47.62139
43.45713
45.91463
43.83771
40.15395
42.75835
44.45404
49.79989
46.91416
49.72092
45.42943
43.78372
42.79411
43.23255
38.17248
47.1999
40.60029
41.04856
48.09226
47.66152
46.21192
41.95648
44.69504
45.14227
45.34243
42.03539
52.71658
47.63615
51.27574
39.86046
48.2284
45.74546
48.78466
41.11358
49.84835
44.89206
51.70212
45.00369
43.76789
41.49108
49.74997
44.80414
47.92399
45.78008
46.98511
41.49629
38.5621
47.16264
44.15559
45.27079
39.54603
43.45246
45.50225
48.36846
46.73497
45.15951
42.52146
46.70269
45.82361
40.70262
40.40031
44.1968
51.02519
45.19593
50.34914
43.82571
44.93604
44.87563
42.49475
41.51129
44.50387
44.80501
43.32679
43.82394
47.84371
41.88543
41.70777
40.57208
41.27889
43.83351
39.90087
39.64561
39.8302
41.92594
46.65037
44.76728
41.20406
47.36841
42.53677
46.94782
44.4957
45.99147
44.45969
45.31563
41.24496
42.25425
45.41483
38.0709
43.99724
46.20578
46.44565
38.88319
42.41689
40.95213
43.8848
51.26493
44.513
43.24339
44.66346
41.28157
43.91897
47.16469
44.75888
43.92387
44.87198
42.8537
46.4622
46.95839
46.89146
40.91162
45.99753
46.35002
48.24817
43.83016
42.50644
43.50651
45.24861
47.63215
49.66532
46.0496
53.79327
42.23591
40.27278
48.92115
42.27184
40.17657
47.09402
45.55409
43.60969
45.00566
43.96164
47.77017
43.14685
44.74921
44.63323
45.19445
43.08334
49.76408
51.06916
40.66151
43.52195
44.35693
44.90435
47.94641
50.52193
42.92171
46.77493
47.92325
45.60832
48.39672
45.02233
43.77739
46.43643
41.07952
48.20766
39.7394
50.10373
39.31746
48.35473
45.5944
48.95962
42.52816
37.0625
41.56893
42.44134
47.63579
45.57187
49.95932
49.92802
48.40614
49.27212
47.72958
42.81277
47.34717
47.29178
44.47731
45.4303
45.12826
43.70178
38.24238
45.37593
46.74586
46.51427
43.07759
43.98058
44.12566
43.96351
43.65071
41.33489
45.55947
47.38227
43.39212
43.94463
43.21687
46.07196
45.73324
42.2953
48.73919
43.43378
40.38687
50.01678
44.84993
47.98201
45.85624
45.29613
43.02296
46.59718
45.18657
45.73521
39.35285
47.25734
41.05526
43.56438
42.92927
45.94827
36.69291
43.69327
32.43949
52.75844
44.45417
42.51953
46.56484
45.68362
47.32456
43.49418
52.82777
50.49789
45.25259
42.50825
41.28349
45.2234
42.87347
45.51128
43.63955
42.74766
41.58921
40.85683
44.52666
54.23509
46.7256
40.63902
45.21828
47.49273
48.88098
37.9954
49.70815
45.03606
46.27447
42.1562
46.63814
45.34564
46.82518
49.45732
45.65638
45.79114
45.33875
46.19354
41.47966
42.71423
42.94102
47.79502
43.29175
