-0,286112751865894
1,00966155560986
1,51880764246636
-0,286410821583727
-0,96829704380217
-0,171856161448171
0,654957555837865
-1,14554140248053
-0,0731571121319653
1,39309404820209
-1,72159238382277
1,29403358567727
-0,950878890635964
-0,301261470793621
-0,408092840811946
-2,75751059672887
0,0949426237436603
0,352403461156571
-0,224576328944007
0,0752843929178228
-0,18389362739839
-1,2286287368275
0,370924081450979
0,824943208647355
-0,383046842651475
0,558810452724935
-0,864846993800285
-1,22789378730844
-2,14137303496531
0,178956612422814
-0,998182617818792
-0,423504214067839
1,06233639309567
0,0401045250287331
1,29255120276424
-0,909700898504269
1,51249489162413
-0,382545718079042
0,990107274732397
-0,192002841014347
0,0193418353975551
0,178671867141226
0,690365861954764
-0,816900110330574
-0,636988614517764
-0,249257912656802
-2,63007022684006
1,03721297749634
-0,780526387313172
0,338745518380153
-0,463104501805991
-0,0959822915338201
-0,407170545717129
1,1495672301705
-1,06423223427206
-1,00144561924478
-0,789591397140005
-0,902421002971228
1,31976940077084
0,418339786990826
2,21697298855331
-0,716062545163002
0,965590008536988
0,376840068654377
1,61619256904296
-0,0867028765961017
-0,114687212070903
0,870406379126083
1,09673929082468
0,369271355540771
-0,475668275692864
1,94950232192074
-0,127320638691722
1,2524552998764
-1,0686231684887
-0,104784687593816
0,467535827025273
-0,451502065321559
-1,36191091300478
-0,0451011710349432
-1,13597787453753
-1,31089832063704
0,862852355351878
2,01949118979311
-0,708940005055712
-1,65094914960131
-0,755366272648844
1,83328979267507
0,239346845202342
-1,48113321598259
0,114138258266357
-0,508637307385983
-0,602596427733544
-0,485243017456609
-0,526223593626919
0,795249803154041
1,03057949592822
-0,278904606295073
-1,56302157181066
0,645995223347627
0,0984201428484095
2,05490902229095
0,648981413514334
0,0854926482343975
-0,617514816069697
-1,08540476585146
-0,482078744004149
0,154904657329506
-0,706743905262346
-0,798779241799774
1,24286394635415
-0,598110693264601
0,0909884720308489
-0,526843763494937
0,0384588813805278
0,389506279144541
-0,234215053330406
0,456394532117273
1,98276819069554
-0,439337408883547
1,15360488927536
-0,429837864168612
-1,68046923411944
0,186921649048597
0,565194090861136
-0,549041000615917
0,731240304483726
0,444892342279267
-0,554971167454079
1,09719642047882
0,463769036501263
-1,31064287681223
0,643103770129915
-0,504675651166281
-1,73116789613771
0,0230502843599613
-0,207309404553981
1,21107424420612
-1,41694816735631
-1,03711060823301
-0,272881764946037
0,999294059808862
-0,0282818944293757
-0,575106553514267
-0,994455459568565
-0,545968434512158
0,240636951973249
-1,44529154394843
0,420838088068856
-0,577949717466609
-0,0357078201243095
0,14853462219505
-0,236430808196079
0,65150727652432
0,724753634647656
-0,894570654830428
-1,45543355468878
-0,268817083769264
-1,25468647865682
0,9487703966198
0,418457071808319
-0,845801341731712
0,784664565768788
-1,16249233384394
0,291622300586419
-1,73364534638213
0,396695644282942
-1,00835293581507
-2,12449025353416
-0,0641954511237569
-0,929199082720356
0,369282407478036
-1,01754062040735
-0,297485139351137
2,10490720796742
-1,47470908561745
-0,199402533638348
-1,07011539251905
1,70154406911341
1,33607652072831
1,14344399002721
0,091808093915378
2,62512324067697
1,36281336251644
-0,517459057367788
-0,809294411583041
1,15414204646551
-0,187148800240605
-0,518467206194724
0,9234184507279
-0,188033012749205
-0,335344013890244
-0,416322482614631
1,79621450086065
0,155667199309493
-1,00337633027909
1,72516850297988
0,620598102284246
-0,677441150999966
0,691706473191316
-0,52962716391938
0,320619809271778
-0,952788894285758
-0,703616533863137
0,650348440548507
0,72472739871774
0,833076975105289
0,624788722917638
-1,30456918639931
0,136578310078875
0,524490469229057
2,17794288574612
-0,809745187155655
-1,24666385792154
0,984190712454731
1,3018293373453
0,323979593459592
1,31037303936803
-0,37908134434727
-2,19103842010545
0,0696875756095261
-2,75247114043637
-0,279417104132211
0,0805184330909404
-1,56505683167581
-0,627893038996393
-1,19897277903804
-1,61361290766179
0,806523296734152
-0,309368866244057
-0,201025402411293
0,82113630269701
0,0588789579119785
0,0128866002130984
0,0143092672170769
-1,98189948919069
1,51152639597383
-1,71447150956524
0,0491530291579323
-1,04373817080449
2,11678984667136
-0,0939004409952908
0,536308007913285
-1,08604311366691
-0,933256444748808
-0,0197934496338526
-1,32670801405899
1,10854681874601
-1,02364810370284
-0,495192787776874
0,485403872289415
0,115506769361713
0,545170841993276
2,01340817618627
-0,474877630696058
-1,19403682638927
0,41427042822181
-1,60620620560369
0,649035592654519
0,4085031491154
-0,033376564489716
1,17377475813712
0,165468255129683
-0,041955946460181
1,06536786167726
-1,04497663286032
-1,96034512399903
-0,794080450631231
-1,37961539525781
-0,900945175863414
-0,757612702566174
-0,359148565127489
0,0595455604887565
0,569693645493388
-1,18882102239436
-0,0623488065998214
-0,934734315408003
0,963241793912953
-1,27065094928439
-0,0650454959559059
-0,729184575677314
0,757119732424046
0,584300381147284
0,975601795146579
0,0621812651887498
-1,05614173442111
0,333974553705543
0,797298504029171
0,379777153020537
0,445079181570714
-0,667716291743386
0,0693719407087069
0,506853877954151
0,0649534406995154
-0,0642303298740746
-0,42374387092035
1,39986300685123
0,307988861304791
0,421445358022526
-0,815345405164234
-1,87524311665874
-2,16655581112065
-1,28677445924771
-0,00421827097357118
0,725470659536976
-0,344259732350724
-0,0843595251874423
0,387385462410782
0,330636435050222
-1,36415371311475
-0,494216089971256
-0,382157254447468
1,78768185083556
0,209339855635667
0,396260737087206
-0,765895130661703
2,07944628316104
0,299048480985326
1,33083201265343
1,56147579632031
1,27683958985063
1,62935589499131
1,12984135408164
1,20863330430147
-1,44120735076661
-1,09458537810657
0,153611659234252
-0,0693481375129682
-0,280816958886267
0,680727341021119
0,730162640800771
0,399288020998511
0,536678971246076
-0,958781210694927
0,453470423035464
0,223865691192796
-2,46169037802011
-1,00630463520233
2,36481067517042
-0,937437432897793
-2,98020067837271
-0,378992676993397
-0,293929166113631
0,463749725753128
-0,7869587450961
-0,146868473116565
-1,46461071640249
-0,00119927141546271
1,78551432109989
1,8602146761963
0,984653035265001
-0,643245484969711
0,435765012175865
-1,06338017996394
-0,827036070569597
-0,491409766799369
-0,131307032968478
0,888298460039366
0,629535317928755
-0,206112131924816
-1,26578964312912
-1,90445671748882
1,06301601242142
-0,762617297893509
-0,0708603603976641
-0,206692803639365
-0,117983405012744
-0,148468631666556
-0,703367513808512
-0,0785229768033635
1,50223277630328
-0,592274700150436
-1,13688201414037
0,781907057358147
1,04094110251162
-1,26714691536313
-0,885965092884696
0,453489733193364
0,562018345101922
0,922150765429842
-0,323935248114547
-0,820786681978224
-1,44815653958531
0,719690858404328
0,621525809343577
1,52917026848107
-0,984816391056634
-0,757303247366501
-2,98694741502981
-1,09656389419201
0,395624259117466
1,14973616001342
1,44182072339378
0,884036375633268
-0,0425671202833681
0,471248984126727
-1,03983000984227
-1,00600501528866
0,974878074643712
0,143941357684419
-0,671307073428697
-1,01993679674396
0,00513343430488503
0,739831353511149
2,31568876981791
0,234236594031553
-0,479890848044546
-0,411567555057092
0,0166581941091056
-1,77331848283419
-0,804889201698344
-0,89417337747949
-0,898495322443085
0,126660516894478
-1,50164994008574
-0,523310642055157
-1,63740202399901
-0,174908328261345
-0,763973723509366
2,02317589470841
-2,69381679142682
-0,551160999170092
-0,473804891765052
-0,134009112731954
0,768586201600402
-1,19942233127457
-0,891864802757613
-1,32499732377675
-0,572155207571446
0,555859390279032
-0,327555035862324
-1,91300722542837
-0,361420714450635
-0,92182434629369
2,4568938917649
0,066271125152521
0,456613603704709
-0,234210203216611
1,41430950366598
1,10414481564948
0,19384227774214
1,08043268059429
-0,527453389227918
1,54979090735618
-0,643972118945184
1,33998776146458
0,224274307832277
0,278755395053273
1,46879905891122
-0,0339893336846904
1,80012504886754
-0,765364692493211
1,47672459925785
1,73030723394856
0,0965409705133966
-1,54138506774584
0,218732390175475
0,602434778540845
-1,10069230736017
0,238003929466204
-1,68271468762552
-0,942950281090972
-0,26355339912715
0,80433973604828
-0,743821269086487
0,30231967088706
0,0758325566125943
-0,792919665164358
0,115614229906165
0,403167186297183
0,319981605957373
2,26820533975728
-1,39562104430912
1,04081879780495
1,25328360410529
-0,566093950153882
-0,744791706855849
-0,344074284582131
1,90365168902229
1,42887018275398
1,36593300257295
-1,05362757891326
-0,449866704625244
0,36635641704113
1,24184799103834
0,967526434342107
1,20687748944043
-0,475736595916702
0,0163360213292512
0,648246159088305
0,204791897432838
-1,37539365589011
-0,959168535209984
-1,76693122081209
1,00294666057257
-0,750099594975316
1,60580913162101
0,16957795088114
-1,20875485193715
-1,38448395458464